0.372842 0.0244385
0.636627 0.0426382
0.920707 0.215222
0.932236 0.2508
0.865074 0.434646
0.685492 0.306222
0.657711 0.281355
0.946913 0.646927
0.551358 0.231286
0.991922 0.884531
0.96991 0.855848
0.797982 0.66869
0.786629 0.73432
0.822904 0.881591
0.735324 0.843158
0.639271 0.684658
0.648248 0.884515
0.478369 0.411148
0.599147 0.97112
0.46881 0.76938
0.434304 0.935341
0.363627 0.837323
0.330698 0.887395
0.283296 0.888827
0.307333 0.516488
0.29085 0.207754
0.291126 0.0654508
0.233561 0.0679365
0.210476 0.0470653
0.206441 0.040077
